10.097131, -0.001307
10.085505, -0.000436
10.062253, 0.000570
12.532765, 0.001288
12.468822, 0.001811
12.445572, 0.000509
10.073879, -0.001547
10.155260, -0.000656
10.102943, 0.000622
10.073879, 0.000798
10.062253, 0.001532
10.062253, 0.001145
10.242455, -0.001405
10.230829, 0.001007
10.149447, 0.000692
10.178513, -0.001330
10.161074, -0.001000
10.149447, 0.000079
10.201765, -0.002699
10.097132, -0.004263
10.073879, 0.000468
10.201765, -0.001743
10.178513, -0.000600
10.172700, 0.001120
10.091318, 0.001396
10.161074, 0.002380
10.056440, 0.001794
12.393254, 0.000436
10.050627, -0.000751
10.097132, -0.000536
10.201765, -0.000385
10.050627, 0.000390
12.497889, 0.001707
12.399067, 0.001835
12.428132, -0.000413
10.027375, -0.001796
10.009936, -0.002265
10.015749, -0.001532
12.393254, -0.000966
12.422319, -0.000040
12.340937, 0.000111
12.474637, -0.001656
10.009936, -0.001256
12.515326, -0.001081
12.433946, 0.000394
12.480450, 0.000849
12.381628, -0.000490
12.404880, -0.001579
10.044814, 0.000368
10.091317, 0.000926
10.428471, -0.002246
10.306397, -0.011826
10.573794, -0.015704
10.748183, -0.021761
10.788875, -0.042482
10.759809, -0.047026
10.655176, -0.054918
10.765622, -0.065412
10.655176, -0.076230
10.573795, -0.080438
10.381967, -0.081860
10.283146, -0.070660
12.317686, -0.053750
10.178513, 0.002471
12.346751, 0.040226
12.521140, 0.039451
10.009936, 0.032693
10.126196, 0.034426
10.597046, 0.037848
10.347088, 0.048071
10.434283, 0.058151
10.893508, 0.065407
12.346750, 0.105256
10.108757, 0.101836
10.271520, 0.097862
10.329650, 0.098153
12.364189, 0.127283
12.404881, 0.122997
10.573794, 0.084768
10.486600, 0.060806
10.085505, 0.026797
10.178513, -0.001571
10.358714, -0.019820
10.149447, -0.029945
10.172699, -0.029524
10.021563, -0.030130
10.323837, -0.032574
10.137821, -0.042416
10.126196, -0.042248
10.015749, -0.037812
12.306060, -0.041066
12.213053, -0.036135
12.195613, -0.028296
12.154923, -0.022106
12.003785, -0.017251
12.085167, -0.014595
11.928217, -0.014035
12.050289, -0.012879
12.032850, -0.012475
12.050289, -0.008280
11.986346, -0.006783
12.073541, -0.005549
12.149109, -0.006515
12.218864, -0.007147
12.358376, -0.004812
12.253742, -0.004421
10.050627, -0.002420
12.457196, -0.011426
12.387442, -0.010840
12.503700, -0.013071
12.445571, -0.013941
10.033189, -0.011643
12.503701, -0.015810
12.428132, -0.017845
12.399068, -0.019703
12.463010, -0.019431
12.428132, -0.021644
12.346751, -0.017306
12.224679, -0.014065
12.300247, -0.008667
12.189800, -0.005557
12.311873, -0.003174
12.433945, -0.001166
12.329311, 0.000562
12.288621, 0.003501
12.201426, 0.007450
12.265368, 0.008001
12.294435, 0.009265
12.474635, 0.010121
10.021563, 0.009195
12.329312, 0.017053
12.404880, 0.018260
12.381629, 0.018151
12.399068, 0.018456
10.027375, 0.013139
10.050627, 0.012884
12.474635, 0.017021
10.097131, 0.015293
12.515327, 0.021819
10.044814, 0.016896
10.114570, 0.015576
10.265706, 0.013614
10.039001, 0.016830
10.079692, 0.016370
10.044814, 0.014816
12.509514, 0.013812
12.451385, 0.010602
12.422319, 0.006626
12.329311, 0.002793
10.015749, -0.000951
12.451385, -0.005210
12.457197, -0.004864
12.422319, -0.008280
12.474636, -0.009046
12.492075, -0.010197
10.021563, -0.008380
10.143635, -0.010429
10.184326, -0.013592
10.376153, -0.016845
10.515665, -0.019916
10.631924, -0.030264
10.876068, -0.044365
10.835379, -0.050855
10.823752, -0.059030
10.201764, -0.073500
10.562169, -0.085870
10.370340, -0.094946
10.341276, -0.098449
10.213390, -0.102932
10.137821, -0.102327
10.213390, -0.104071
12.463010, -0.136536
10.178513, -0.103262
12.486261, -0.108762
10.893508, -0.067385
10.358714, -0.039825
11.992160, -0.025552
12.137484, -0.020740
12.253742, -0.014644
12.323499, -0.015919
12.282807, -0.020320
12.428133, -0.023579
12.323498, -0.021949
12.288621, -0.022506
12.457197, -0.021521
10.073879, -0.018056
12.143296, -0.017081
12.317686, -0.011253
12.282807, -0.008239
12.422319, -0.006102
12.375816, -0.011145
12.445571, -0.014371
12.404880, -0.016887
12.404881, -0.019005
12.445572, -0.020467
12.468823, -0.019858
12.433946, -0.019701
12.358377, -0.019539
10.068066, -0.016370
12.410692, -0.021387
12.497889, -0.018081
12.352564, -0.010851
12.294435, -0.004006
12.201427, -0.000300
12.213052, 0.002107
12.230492, 0.002650
12.300247, 0.003531
12.236303, 0.005015
12.218864, 0.004874
12.253743, 0.007845
12.288620, 0.007603
12.311872, 0.009229
12.416507, 0.010842
12.486262, 0.011877
10.015749, 0.011562
10.102943, 0.014931
12.445571, 0.019454
10.039001, 0.017492
10.004124, 0.015827
10.073878, 0.013590
10.184325, 0.014676
10.073879, 0.014857
10.068066, 0.014041
12.463011, 0.018856
12.422319, 0.019807
10.015750, 0.013511
12.451385, 0.015976
12.445571, 0.012492
12.346750, 0.010472
12.300247, 0.008226
12.335125, 0.004857
12.416506, -0.001003
12.497889, -0.008114
10.009936, -0.007467
12.480449, -0.010710
10.079692, -0.009593
10.079692, -0.009912
10.004124, -0.011713
10.050627, -0.013081
10.068066, -0.012590
10.044815, -0.010029
10.056440, -0.008222
12.428133, -0.007296
10.009936, -0.003835
12.358377, -0.006685
12.497888, -0.006981
10.004124, -0.006588
12.445571, -0.007409
12.410693, -0.006166
12.352564, -0.004806
12.381628, -0.005106
12.375814, -0.006290
12.457197, -0.005340
12.463011, -0.004472
12.393254, -0.003506
12.404880, -0.002329
12.317686, -0.001771
12.364189, -0.002495
12.451384, -0.001824
10.009936, -0.001173
12.457197, 0.000040
12.457197, 0.001596
10.044814, -0.001779
10.015749, -0.003076
10.050627, -0.007690
10.207578, -0.005070
10.201765, -0.008586
10.219203, -0.007464
10.143635, -0.010099
10.393592, -0.010346
10.271520, -0.012530
10.207578, -0.015089
10.149447, -0.015389
10.283146, -0.013758
10.271520, -0.013624
10.230829, -0.011979
10.050627, -0.012466
12.497888, -0.014276
12.486262, -0.010253
12.416506, -0.005506
12.410694, -0.002552
12.370003, -0.000277
12.300247, 0.002331
12.218865, 0.004048
12.259556, 0.006109
12.375815, 0.007203
12.433946, 0.010904
12.474636, 0.012952
12.387441, 0.014582
12.428132, 0.016668
12.457197, 0.017864
10.073879, 0.014250
10.056440, 0.014652
10.102943, 0.014182
10.004124, 0.014701
10.044814, 0.015421
10.027375, 0.018122
12.497889, 0.021219
10.155260, 0.016819
10.126196, 0.016085
10.149447, 0.015925
10.085505, 0.017575
10.033188, 0.017968
10.027375, 0.017641
12.463011, 0.020176
12.410694, 0.015295
12.422319, 0.010574
12.364189, 0.006966
12.381628, 0.006192
12.335124, 0.004478
12.370003, 0.003078
12.451384, -0.000836
10.050627, -0.007518
10.033188, -0.008226
10.079692, -0.008403
10.120382, -0.010051
10.277332, -0.012377
10.225016, -0.014382
10.102943, -0.013299
10.056440, -0.012230
10.126196, -0.010581
10.050627, -0.009631
10.039001, -0.006822
12.486261, -0.006543
10.015749, -0.004866
12.410693, -0.007064
12.503700, -0.007215
12.433945, -0.006175
12.428133, -0.004670
12.375815, -0.003293
12.428132, -0.002401
12.294435, -0.003203
12.439758, -0.003395
12.375815, -0.003293
12.445570, -0.001841
12.335124, -0.000524
12.393254, -0.000632
12.300247, -0.000868
12.387442, -0.001633
12.439758, -0.001181
12.387442, -0.000602
12.428132, 0.000713
12.375815, -0.000164
12.364190, -0.000766
12.410692, -0.000843
12.486261, -0.001173
12.480450, -0.000287
12.486261, 0.001537
12.457197, 0.000541
12.428133, -0.001145
12.463009, -0.000766
10.027375, 0.000281
10.004124, -0.000304
10.015749, 0.000541
12.468823, 0.000530
10.015749, 0.000732
12.468822, -0.000602
10.108757, 0.000504
10.347089, -0.004359
10.434283, -0.012039
10.527290, -0.017183
10.951637, -0.021938
10.753997, -0.046583
10.504039, -0.054178
10.614486, -0.057907
11.067898, -0.064324
10.033188, -0.077948
10.445910, -0.089757
10.753996, -0.097921
10.422657, -0.103739
10.463348, -0.107772
10.254081, -0.107766
12.370003, -0.132068
10.236642, -0.094918
10.614485, -0.079323
10.440096, -0.055644
10.056440, -0.040477
12.457197, -0.030628
12.428132, -0.015814
12.492075, -0.008205
10.062253, -0.005161
12.521140, -0.008705
10.172700, -0.011438
10.068066, -0.015433
10.021563, -0.016059
10.149447, -0.018109
10.091318, -0.019639
12.468822, -0.021131
12.311872, -0.019141
12.224678, -0.016208
12.189800, -0.016023
12.218865, -0.014007
12.218864, -0.011255
12.154923, -0.008454
12.149110, -0.007390
12.021224, -0.006047
12.079353, -0.005127
12.120045, -0.005047
12.166548, -0.004957
12.172361, -0.003589
12.213053, -0.001811
12.125858, -0.001969
12.183987, -0.002443
12.247931, -0.002458
12.300246, -0.002241
12.294434, -0.000971
12.282807, -0.000745
12.265368, -0.000626
12.271181, -0.000990
12.329311, -0.001905
12.370003, -0.002097
12.410693, -0.001166
12.364189, -0.000683
12.346751, 0.000617
12.323499, 0.000375
12.433945, -0.000854
12.416506, -0.001096
12.439758, 0.000315
12.410693, 0.000743
12.422319, 0.000455
12.335124, -0.000038
12.463010, -0.000100
12.503701, -0.000534
10.056440, -0.001839
10.015749, -0.002505
12.486262, -0.000281
12.387441, -0.000223
12.451385, 0.000649
12.457196, -0.000811
10.039001, -0.000251
10.120382, -0.000200
10.056440, 0.000092
12.399067, 0.001215
12.416506, 0.000485
12.410694, 0.000834
12.480449, -0.000719
10.033188, 0.000064
12.503700, 0.001022
12.474636, 0.000751
12.404881, 0.000896
12.428132, 0.000130
12.497889, -0.000871
10.033188, -0.000577
12.492075, 0.001007
12.474636, 0.000809
12.433946, 0.000862
12.416505, -0.000168
10.021563, -0.000905
10.009936, -0.001724
10.009936, -0.000824
10.009936, 0.000400
12.486262, 0.000751
12.375815, 0.001222
10.021562, 0.000670
10.039001, -0.001298
10.033188, -0.000856
10.044814, 0.000013
10.004124, 0.000321
10.004124, 0.000847
12.468824, 0.001418
12.416506, -0.000407
12.509515, -0.001458
10.021563, -0.000877
10.021563, -0.000470
12.497888, 0.000668
12.463011, 0.001032
12.393254, 0.000962
12.474636, -0.000319
10.009936, -0.000577
10.015749, 0.000111
10.015749, 0.000106
10.009936, 0.000468
12.428133, 0.001107
12.439759, 0.000983
12.439758, -0.000892
10.033189, -0.001064
10.021563, -0.000632
10.056440, -0.000281
12.468823, -0.000202
12.474636, 0.000264
12.433946, -0.000805
10.068067, -0.001241
10.097131, -0.000132
10.091318, 0.000183
10.056440, 0.000817
12.457197, 0.001518
10.027375, 0.001411
12.445572, 0.000326
12.509514, -0.000206
10.050627, 0.000628
10.068066, 0.000632
10.009936, 0.000822
12.486263, 0.001173
12.445572, 0.001375
12.492075, -0.000922
10.027375, -0.000858
10.073879, -0.000937
10.056440, -0.000417
10.015749, -0.000132
12.474636, 0.000894
12.439759, 0.001303
12.515326, -0.000807
10.033188, -0.000077
10.149447, -0.000888
10.073879, -0.002454
10.062253, -0.000517
10.033188, 0.001079
12.451384, 0.000728
12.451384, -0.000177
10.102943, -0.000541
10.073879, -0.000343
10.091318, 0.000036
10.009936, 0.000500
10.009936, 0.001245
12.428132, 0.001639
12.457197, -0.000296
10.079692, -0.000530
10.079692, -0.000404
10.108757, 0.000630
10.004123, 0.001213
10.009936, 0.001920
12.439758, 0.000960
12.492075, -0.001058
10.044814, -0.000707
10.033188, -0.000922
10.085505, -0.000581
12.474636, -0.000194
12.457197, 0.000902
12.404881, 0.000694
10.015749, -0.000560
10.039001, -0.002254
10.062253, -0.001575
10.062253, -0.000413
12.474637, 0.000198
12.451384, 0.000600
12.439758, -0.001464
10.039001, -0.001192
10.079692, -0.001332
10.068066, -0.000796
10.050627, 0.000066
12.468822, 0.001349
10.009936, 0.001847
12.428133, 0.000964
10.039001, -0.000043
10.079692, -0.000230
10.068066, -0.000002
10.044814, 0.000568
12.468823, 0.001181
12.497889, 0.001352
12.410693, -0.000098
10.050627, -0.001716
10.079692, -0.001345
10.068067, -0.000409
10.021563, 0.000602
12.439758, 0.001307
12.463010, 0.000973
12.399067, -0.000681
10.039001, -0.001556
10.044814, -0.001554
10.068066, -0.001390
12.428132, -0.000979
12.463011, -0.000607
12.410693, -0.001364
12.457197, -0.001745
10.027376, -0.001041
10.044814, -0.000443
10.009936, 0.000515
12.451384, 0.001752
12.445571, 0.002107
12.422319, 0.001011
12.503701, 0.001151
10.039001, 0.000562
10.079692, 0.000949
12.468822, 0.001884
10.039001, 0.002052
10.009936, 0.000719
12.451385, -0.000924
10.044815, -0.000849
10.085505, -0.000411
10.079692, 0.000479
10.004123, 0.000919
12.468822, 0.002248
12.474636, 0.002882
12.439757, 0.001105
10.062253, 0.001217
10.015749, 0.000685
10.027375, 0.001271
12.463011, 0.002541
12.509514, 0.002280
12.538579, 0.000289
10.073879, -0.002769
10.056440, -0.001596
10.068066, -0.001684
10.068066, -0.000828
10.073879, -0.000130
10.044814, -0.000366
10.015749, -0.000015
10.056440, -0.000824
10.120382, -0.000126
10.097131, -0.000747
10.137821, -0.000272
10.062253, 0.000413
10.039001, 0.000294
10.021563, 0.000011
12.433946, -0.001013
12.474636, -0.000796
10.033188, -0.000949
10.044814, -0.000649
12.451384, 0.000732
12.474636, 0.000162
12.416506, -0.001899
12.433945, -0.002833
10.027375, -0.001807
10.009937, -0.000998
12.503701, 0.000040
12.480450, 0.000885
12.474636, 0.000158
12.428132, -0.001724
10.021562, -0.001979
10.033188, -0.002448
10.056440, -0.001307
12.457197, -0.000049
12.445570, 0.001494
12.428132, 0.000304
12.416506, -0.000647
10.015749, -0.000902
10.073879, -0.000913
10.009936, 0.000162
12.439758, 0.000845
12.503700, 0.001171
12.433945, 0.000092
10.021563, -0.000590
10.044814, -0.000372
10.056440, 0.000119
10.009936, 0.000392
12.486261, 0.002424
10.021563, 0.001720
12.451385, 0.000817
12.515326, -0.000219
10.062253, -0.000998
10.050627, -0.000864
10.004123, 0.000085
10.015749, 0.001341
12.544392, 0.000896
12.433945, -0.001694
10.033188, -0.001560
10.091318, -0.001260
10.068066, -0.000670
10.039001, 0.000805
10.009936, 0.001598
10.004124, 0.001773
12.439757, 0.001003
10.004123, 0.000130
10.044814, -0.000462
10.004124, -0.000198
10.004124, 0.000434
10.033188, 0.001601
12.480449, 0.001569
12.451384, -0.000096
12.503700, -0.001179
10.039001, -0.000326
10.027375, -0.000283
10.015749, 0.000749
10.004124, 0.001386
12.497889, 0.001496
12.451384, -0.000158
12.497888, -0.001049
10.039001, -0.000785
10.009936, -0.000653
12.503700, 0.001166
10.033188, 0.001658
10.056440, 0.000262
10.166886, 0.000049
10.242455, 0.000817
10.225017, -0.001588
10.137821, -0.002141
10.102943, -0.000513
10.097131, -0.000562
10.079692, -0.000639
10.056440, -0.001969
10.009936, -0.002546
10.097131, -0.001896
10.068066, -0.001449
12.433946, -0.001396
10.027375, 0.000377
12.428133, 0.000547
12.404881, 0.000698
12.404881, 0.000153
10.009936, 0.000289
12.422319, 0.000798
12.457196, 0.001792
12.422319, 0.001366
12.387441, 0.000038
12.422319, -0.000932
10.009936, -0.001833
10.015749, -0.001420
12.468823, 0.000089
12.486261, 0.002171
12.433946, 0.001756
12.468822, 0.000732
12.439758, 0.000104
10.050627, -0.000292
12.457197, -0.000249
10.021563, 0.000790
12.445571, 0.000487
12.457197, 0.000104
12.416507, -0.000741
12.509514, -0.001103
12.468822, -0.001147
12.509514, 0.001454
12.457196, 0.001664
10.021563, 0.000579
12.457197, -0.001171
10.039001, -0.001447
10.044814, -0.001515
10.033188, -0.001015
10.068066, -0.000375
12.497889, -0.000196
10.021563, -0.000649
12.439758, -0.001175
12.515327, -0.001190
12.497888, -0.001375
10.015749, 0.000515
12.468823, 0.002022
12.486261, 0.001745
12.521140, 0.000773
10.102943, -0.001311
10.097130, -0.002467
10.428470, -0.004097
10.602859, -0.014522
10.678427, -0.018411
10.899321, -0.028349
10.753997, -0.045728
10.759809, -0.050927
10.887695, -0.057611
10.829565, -0.072423
10.486600, -0.085136
10.358714, -0.096078
10.434283, -0.101576
10.393593, -0.112069
10.149447, -0.114170
12.393255, -0.141216
12.375814, -0.145150
12.532765, -0.147640
10.184325, -0.122299
10.207578, -0.128343
10.294771, -0.135240
10.248268, -0.140699
10.050628, -0.146648
12.294434, -0.192274
10.300585, -0.156635
13.131502, -0.183879
10.015749, -0.108230
11.335294, -0.077520
10.556356, -0.040581
11.434114, -0.033989
11.672446, -0.013407
12.335124, -0.024858
11.963095, -0.025367
12.172361, -0.035254
12.300247, -0.037207
12.474636, -0.034604
10.009937, -0.022619
12.276995, -0.024126
12.468824, -0.021859
12.271182, -0.022317
12.404881, -0.020348
12.375815, -0.014986
10.056440, -0.007477
10.381967, -0.001511
10.381967, 0.013741
10.318024, 0.019409
10.155260, 0.038593
10.195951, 0.064601
10.300585, 0.061714
10.469160, 0.061838
10.748183, 0.068366
12.573457, 0.098051
10.242455, 0.106408
10.004124, 0.103930
12.317686, 0.123706
10.515664, 0.091106
10.474974, 0.071184
10.277333, 0.034621
10.172699, 0.007345
10.190139, -0.013729
10.480787, -0.025407
10.544729, -0.031518
10.370340, -0.033321
10.527290, -0.035528
10.567982, -0.043420
10.434283, -0.048863
10.137822, -0.058992
10.585421, -0.068819
10.544729, -0.076282
10.120382, -0.079329
10.056440, -0.085534
12.410692, -0.096806
12.399068, -0.081490
10.033188, -0.045798
12.358377, -0.038003
12.276995, -0.019514
12.375815, -0.007279
12.300247, -0.003152
12.271181, -0.002690
12.323499, -0.006192
12.416506, -0.012532
12.276995, -0.018079
12.306060, -0.018781
12.207239, -0.015895
12.172361, -0.015491
12.526953, -0.018181
12.003786, -0.022779
12.410693, 0.017145
12.108418, 0.017853
12.207239, -0.025292
12.463010, -0.020208
12.230492, -0.016540
12.120045, -0.013656
12.131670, -0.007941
12.137484, -0.003110
12.125858, 0.000355
12.131671, 0.001513
12.125858, 0.001962
12.061914, 0.001950
12.178175, 0.000328
12.201427, -0.000234
12.253743, -0.000170
12.242117, -0.000407
12.224678, -0.000788
12.218865, -0.000372
12.242118, -0.001311
12.317685, -0.001845
12.393255, -0.001203
12.335124, -0.001169
12.364189, 0.000115
12.282807, 0.000626
12.375814, -0.000809
12.399067, -0.001556
12.480450, -0.000681
12.404880, -0.000726
12.410693, 0.000198
12.346750, 0.000419
12.393254, -0.000004
12.433946, -0.001439
10.027375, -0.000964
12.457197, -0.000913
12.416507, -0.000251
12.387441, 0.000532
12.370003, -0.000409
12.463011, -0.000981
10.015749, -0.000381
10.050627, 0.000679
10.085505, 0.002041
12.602522, 0.002614
10.556356, 0.006166
10.323837, 0.008235
10.277333, -0.002880
10.288960, -0.003918
10.294772, -0.003212
10.184326, -0.002912
10.068066, -0.002333
10.050627, -0.001222
12.468822, -0.001349
12.439757, -0.001205
12.521139, -0.002467
10.039001, -0.000839
12.433945, -0.000564
12.364189, 0.001362
12.218864, 0.001679
12.300247, 0.001192
12.503701, 0.002529
10.102943, 0.001292
10.283146, 0.004523
10.254081, 0.010391
10.515665, -0.008744
10.114570, -0.008524
10.178513, -0.005902
10.172699, -0.003016
10.120382, -0.001507
10.062253, 0.000117
10.091318, 0.001354
12.416507, 0.003510
12.329311, 0.003378
12.375815, 0.002452
12.463010, 0.000885
12.463011, -0.000032
12.323500, -0.000160
12.271182, 0.000873
12.288621, -0.001005
10.073879, -0.002382
10.178513, -0.005376
10.195951, 0.010308
10.370340, 0.011909
10.242455, -0.002697
10.073879, -0.003235
10.056439, -0.001937
10.004124, -0.002101
12.474637, -0.003425
10.056440, -0.002714
10.132010, -0.001956
12.358376, -0.001552
12.282808, -0.002341
12.230493, -0.000587
12.247931, -0.000089
12.393254, 0.001473
12.381628, 0.002118
12.294434, 0.002837
12.335124, 0.003314
10.050627, 0.001764
10.364528, -0.000132
10.341275, 0.003859
10.230829, -0.000047
10.161074, -0.001079
10.091318, -0.000858
10.033188, -0.000287
12.486261, 0.000409
12.428133, -0.000234
10.027375, -0.000875
12.433946, -0.001641
12.451384, -0.001622
12.346751, -0.000468
12.311873, 0.000892
12.300247, -0.000796
12.306059, -0.000287
12.428132, -0.000524
12.497889, 0.001611
10.021563, 0.001618
10.073879, 0.002214
10.085505, 0.003457
10.044814, -0.003454
10.126196, -0.002929
10.172699, -0.002869
10.102943, -0.001471
10.039001, -0.000136
12.468822, 0.001490
12.468823, 0.002448
12.300246, 0.000747
12.497889, -0.001145
10.021563, -0.001132
10.015749, -0.000851
12.480449, -0.000517
12.410692, 0.001073
12.276995, 0.000311
12.521140, -0.000132
10.073879, 0.004629
10.277333, 0.004121
10.352901, 0.006539
10.277332, 0.001009
10.248268, -0.006500
10.068066, -0.006224
10.079692, -0.005985
10.091318, -0.004634
10.068067, -0.003799
10.108757, -0.001926
12.463010, -0.000445
12.370002, 0.001862
12.294434, 0.000883
12.399068, 0.000428
12.404880, -0.000681
12.433946, 0.000473
12.276996, 0.000783
12.428132, 0.002829
12.451385, 0.007130
10.004124, 0.006068
10.440096, -0.000134
10.347089, -0.007856
10.219203, -0.005866
10.050627, -0.003778
10.027375, -0.000813
12.404881, 0.001015
12.422319, 0.001528
10.132009, 0.001337
10.102943, -0.001352
12.422319, -0.002286
12.439759, -0.000355
12.364189, 0.002420
12.404881, 0.002654
12.393254, 0.003797
12.503701, 0.002614
12.457197, 0.001916
12.428131, 0.001375
12.323500, 0.000445
12.346750, -0.002258
12.422319, -0.001318
12.503700, -0.002526
12.422318, 0.000175
12.300247, 0.001535
12.381629, 0.002499
12.329311, -0.000081
12.439758, -0.001105
10.004123, -0.001939
10.044814, -0.001596
12.439758, 0.000575
12.416506, 0.001722
12.346750, 0.001264
12.346751, 0.000136
10.050627, -0.000009
10.073879, 0.000089
10.050627, 0.003303
10.091318, 0.003682
10.219203, 0.002288
10.172700, -0.004325
10.114570, -0.004749
10.137822, -0.004493
10.137821, -0.003010
10.126196, -0.001358
12.509514, 0.000262
10.056440, 0.002367
12.387442, 0.003371
12.457197, 0.001181
12.463010, -0.001077
10.073879, -0.001354
10.009936, -0.000556
12.381628, 0.000615
12.381628, 0.002288
12.340938, 0.000330
12.439758, -0.001107
10.021563, -0.001103
10.033188, -0.001173
12.468823, -0.000106
12.439758, 0.001388
12.439758, 0.000581
12.370003, -0.000289
12.480450, -0.000856
10.021563, -0.000732
12.474636, 0.000226
12.445571, 0.001422
10.021563, 0.001277
12.422319, -0.000515
12.468823, -0.002871
10.039001, -0.002020
10.009936, -0.000764
12.526953, 0.000822
10.114570, 0.001086
10.190139, 0.007177
10.190139, 0.006066
10.300585, 0.003150
10.387779, -0.004508
10.341275, -0.007247
10.201765, -0.004989
10.143635, -0.002846
10.097131, -0.000979
10.009936, -0.000072
10.027375, 0.000547
10.044813, 0.000419
10.039001, 0.000264
12.428131, 0.000172
12.404880, 0.000926
12.346751, 0.001696
12.346750, -0.000551
12.335124, -0.000641
12.410693, -0.001501
12.399068, -0.000455
12.463010, 0.001894
12.393254, 0.000681
12.370002, -0.001505
12.422319, -0.000479
10.050627, -0.001011
10.009936, -0.000521
12.474636, 0.001605
12.439757, 0.002895
10.009936, 0.002211
12.497888, 0.004144
10.102943, 0.001747
10.393592, 0.001430
10.201764, -0.004783
10.172699, -0.004568
10.085505, -0.003940
10.004124, -0.002686
12.393254, -0.001318
12.497887, -0.000066
10.062253, 0.000879
12.428133, 0.001411
12.404881, 0.001837
12.370003, 0.001356
12.340938, 0.001241
12.404881, 0.000181
12.457197, -0.000247
12.416506, -0.000717
10.004123, 0.000241
10.044813, 0.002986
10.242455, 0.001366
10.387779, 0.004908
10.207577, 0.000066
10.277333, -0.003523
10.213390, -0.003320
10.149447, -0.001739
10.062253, -0.000911
12.492075, -0.000751
10.027375, -0.001252
12.445571, -0.001690
12.509514, -0.001132
10.254081, 0.003548
10.567982, 0.015438
12.218865, 0.028087
10.411032, 0.049291
10.533104, 0.060373
10.323837, 0.057879
10.800501, 0.062138
10.283146, 0.073744
10.567982, 0.092245
10.271520, 0.108900
10.248268, 0.102928
10.567982, 0.107876
10.800501, 0.117427
10.172699, 0.124838
12.259557, 0.163431
10.102944, 0.134803
10.027375, 0.133567
12.067728, 0.172490
12.067728, 0.178315
12.323499, 0.181667
12.253743, 0.186058
12.015411, 0.194728
12.044476, 0.201305
11.614317, 0.202424
11.631756, 0.204033
11.939843, 0.197876
11.498056, 0.198369
12.457197, 0.202356
11.846836, 0.185944
12.695529, 0.169112
10.544729, 0.115643
10.288960, 0.095961
10.155260, 0.071139
11.567813, 0.051425
11.038833, 0.050010
10.277332, 0.102102
10.841191, 0.045940
11.934030, -0.017279
10.399405, -0.004983
10.190139, 0.002835
12.532766, 0.004191
10.463348, 0.015576
10.323836, 0.026367
10.492413, 0.024318
10.521478, 0.023522
10.544730, 0.021321
10.434283, 0.015961
10.876069, 0.009836
11.015580, -0.004798
11.248098, -0.013213
10.992329, -0.022751
10.585420, -0.043003
11.003954, -0.052379
11.067897, -0.057951
10.538918, -0.066978
10.695868, -0.078191
10.841192, -0.085355
10.916759, -0.089167
10.393593, -0.095976
10.178513, -0.111550
10.521478, -0.118178
10.393592, -0.119525
10.300585, -0.121598
10.399405, -0.125374
10.347089, -0.131636
10.201764, -0.135418
10.201764, -0.142902
12.387442, -0.186254
12.056102, -0.188994
12.497889, -0.188591
10.701680, -0.135514
10.736558, -0.103945
10.143635, -0.074381
10.172699, -0.045979
11.352733, -0.032048
11.451552, -0.028153
11.457367, -0.067148
12.102606, -0.041686
11.957281, 0.034272
10.300585, 0.013822
10.434283, -0.010770
10.341276, -0.021485
10.085505, -0.034091
12.579269, -0.049857
12.526953, -0.040109
10.108757, -0.024432
10.027375, -0.016889
10.039001, -0.014107
10.033188, -0.010853
12.515326, -0.007550
10.039001, -0.004687
10.126196, -0.002618
10.137821, -0.003276
10.114570, -0.005453
10.050627, -0.004876
10.033188, -0.005027
12.526953, -0.005481
12.486262, -0.001143
10.288959, 0.001545
10.440096, 0.007854
10.399405, 0.017370
10.381968, 0.020695
10.591233, 0.024882
10.823752, 0.037271
10.724932, 0.045389
10.422657, 0.045266
10.695867, 0.047294
10.614486, 0.054063
10.655176, 0.055393
10.567982, 0.054659
10.486599, 0.051466
10.602859, 0.052313
10.724932, 0.057502
10.567982, 0.067561
10.451723, 0.075947
10.370340, 0.072757
10.341276, 0.073634
10.358714, 0.074975
10.312211, 0.075941
10.172700, 0.075915
10.114570, 0.075903
10.126196, 0.075551
10.120382, 0.075664
12.474636, 0.095359
12.404881, 0.090148
12.451385, 0.088939
10.073879, 0.071431
10.062253, 0.072189
10.015750, 0.071516
10.126196, 0.070977
10.149447, 0.069136
10.329650, 0.071595
10.440096, 0.077459
10.608672, 0.080355
10.126196, 0.086790
12.271182, 0.108577
10.015749, 0.084946
12.230492, 0.103247
12.102606, 0.091421
12.271181, 0.076690
12.259556, 0.053733
12.027037, 0.032650
12.183988, 0.018134
12.166549, 0.012483
12.236304, 0.010681
12.230492, 0.011047
12.247931, 0.015878
12.265368, 0.020129
12.346750, 0.020912
12.253743, 0.021725
10.021563, 0.015465
12.271182, 0.026431
10.120382, 0.035998
10.573795, 0.017528
10.126196, -0.003201
10.102943, -0.001826
12.445571, -0.001701
12.387441, -0.002003
12.317686, 0.001020
12.311873, 0.005883
12.230492, 0.008616
12.131670, 0.008112
12.247930, 0.005602
10.149447, -0.004282
10.172700, -0.013620
10.463348, -0.020374
10.248268, -0.040015
10.550543, -0.052705
10.486601, -0.061165
10.271521, -0.066440
10.562169, -0.070375
10.411032, -0.071088
10.027376, -0.077716
12.370002, -0.116775
10.132009, -0.102427
10.021563, -0.104805
12.166548, -0.134503
12.306060, -0.122854
10.207578, -0.080085
10.271521, -0.056853
12.195613, -0.040277
12.108418, -0.019409
12.224678, -0.010293
12.271182, -0.010776
12.433946, -0.012349
10.039001, -0.014069
10.073879, -0.019052
10.027375, -0.020684
12.399067, -0.024556
12.329311, -0.025105
12.375815, -0.023709
12.329312, -0.022570
12.340938, -0.022074
10.207578, -0.020282
10.283146, -0.027595
10.300585, -0.035849
10.579607, -0.044504
10.585421, -0.051070
11.992159, -0.073517
10.271520, -0.077305
10.283146, -0.088856
10.225016, -0.091709
10.108757, -0.099426
12.381628, -0.131445
12.178175, -0.129423
12.038663, -0.131417
12.329311, -0.117133
10.434283, -0.076220
12.015411, -0.068117
10.009936, -0.036294
12.044476, -0.029158
12.027038, -0.047665
10.934198, -0.067095
11.271352, 0.008759
12.032850, 0.032012
10.294772, -0.005259
10.201765, -0.010038
10.184325, -0.019605
10.091318, -0.026299
12.370002, -0.033825
12.410692, -0.027615
12.311872, -0.018709
12.370002, -0.014663
10.062253, -0.007088
10.079692, 0.002554
10.259893, 0.009159
10.108757, 0.014222
10.056440, 0.016117
10.201764, 0.017856
10.225017, 0.021495
10.248268, 0.023115
10.556355, 0.026540
10.492413, 0.029645
10.556355, 0.035409
10.631924, 0.039670
10.352901, 0.041211
10.579607, 0.041733
10.730745, 0.042582
10.457536, 0.043227
10.614485, 0.045029
10.724932, 0.047188
10.405218, 0.050519
10.352901, 0.049767
10.364528, 0.048439
10.259893, 0.048435
10.190138, 0.048033
10.201765, 0.048407
10.288959, 0.049842
10.364528, 0.049208
10.219203, 0.048752
10.283146, 0.049933
10.347088, 0.050789
10.161074, 0.053767
10.219204, 0.055836
10.236642, 0.053967
10.044814, 0.051696
12.515327, 0.062591
10.009935, 0.050376
10.242455, 0.048997
10.445910, 0.051076
10.102943, 0.051285
10.172699, 0.053718
10.300585, 0.053641
10.091318, 0.055782
10.033188, 0.056940
10.097131, 0.053120
12.526953, 0.066918
12.474636, 0.066131
10.079693, 0.055610
12.474636, 0.069630
10.050627, 0.054090
12.550204, 0.065152
10.091318, 0.052517
12.492075, 0.069045
10.050627, 0.056325
12.364189, 0.069851
12.120045, 0.069558
12.096792, 0.067434
12.056102, 0.064475
12.032850, 0.056434
11.968907, 0.050044
11.800331, 0.043242
11.881713, 0.038757
11.794518, 0.033717
11.399237, 0.027876
12.358377, 0.066052
11.189969, 0.064054
12.521139, -0.003953
11.655006, -0.021214
12.079354, -0.017079
12.079354, -0.009472
12.102606, 0.002778
12.114231, 0.010785
12.090981, 0.013348
12.160735, 0.011509
12.166548, 0.007490
10.132009, 0.002637
10.230829, -0.005517
10.341276, -0.014854
10.509851, -0.022147
10.608672, -0.040971
10.660990, -0.045874
10.486600, -0.053092
10.637737, -0.067732
10.492413, -0.083035
10.597046, -0.087643
10.062253, -0.100146
10.265707, -0.110918
10.259893, -0.115000
10.097131, -0.117186
10.021563, -0.117109
10.033188, -0.120536
10.056440, -0.124367
12.271182, -0.160672
10.114570, -0.133490
12.393254, -0.173562
12.003785, -0.180605
11.852649, -0.180812
12.428132, -0.185375
10.195951, -0.136789
12.096792, -0.134452
11.968906, -0.080862
11.614316, -0.049985
11.573626, -0.027378
11.503870, -0.030101
11.108587, -0.075111
10.120382, -0.032340
11.904964, 0.031156
10.283146, 0.012041
10.812126, -0.007652
10.318024, -0.019137
10.161074, -0.032876
12.393254, -0.055074
10.108757, -0.040596
10.132008, -0.031331
10.079692, -0.022853
10.056440, -0.017477
10.143635, -0.010842
10.108757, -0.004099
12.503700, -0.002944
10.097131, -0.000379
10.097131, 0.000971
10.091318, -0.001160
10.027375, -0.003406
10.056440, -0.004106
10.079692, -0.005587
12.521139, -0.008173
10.213390, -0.008720
10.108757, -0.008901
10.068066, -0.006524
10.021562, -0.004459
12.463010, -0.002522
12.410693, -0.000960
12.422319, -0.001907
10.044814, -0.001664
10.039001, -0.001707
10.056440, -0.001213
12.433946, -0.001164
12.497889, 0.000360
12.352564, -0.001362
12.451385, -0.003122
10.009936, -0.002265
10.015749, -0.002375
10.009936, -0.001188
12.416506, -0.000277
12.439758, 0.000934
12.387442, -0.000713
12.468823, -0.001352
10.033188, -0.000751
10.044814, -0.000211
12.439758, 0.000264
12.457197, 0.002107
12.370003, 0.001924
12.480450, 0.000113
10.498225, 0.004468
10.550543, 0.014290
12.021224, 0.027508
10.666801, 0.046187
10.573794, 0.063143
10.585421, 0.062979
10.748183, 0.064009
10.963263, 0.070771
10.701679, 0.083897
10.498226, 0.097658
10.259894, 0.112010
10.347088, 0.110522
10.416844, 0.116937
10.515665, 0.119549
10.318024, 0.121130
12.573456, 0.158065
10.219203, 0.130540
10.265707, 0.133669
10.143635, 0.135482
10.021563, 0.141152
10.219203, 0.149068
10.172699, 0.154168
10.021563, 0.157135
10.120383, 0.149490
10.347089, 0.129169
10.161074, 0.103036
11.771267, 0.071916
12.079353, 0.034766
11.997972, 0.006462
11.904965, 0.001681
12.468822, 0.016044
12.160735, 0.022555
12.375815, 0.032865
12.317685, 0.033993
12.271181, 0.029928
12.224678, 0.025588
12.410693, 0.024460
12.311873, 0.021787
12.323499, 0.017960
12.294434, 0.014816
12.218865, 0.012213
12.154922, 0.010529
12.195614, 0.009178
12.306060, 0.007520
12.393254, 0.006983
12.404880, 0.006647
12.300247, 0.007247
12.317685, 0.008175
12.282807, 0.007220
12.375815, 0.005660
12.457197, 0.004314
12.486261, 0.003416
12.370003, 0.003305
12.410694, 0.004817
12.335125, 0.004265
12.416507, 0.002567
12.521139, 0.001175
10.021563, 0.001145
12.428132, 0.001337
12.428132, 0.002973
12.364189, 0.003229
12.404881, 0.001854
10.079692, 0.001724
10.213390, 0.005023
10.242455, 0.001635
10.277333, 0.002067
10.108756, -0.000679
10.091318, -0.001160
10.056440, -0.002222
10.108757, -0.002895
10.108757, -0.002512
10.091318, -0.001024
10.027375, 0.000366
10.062253, 0.002150
10.161074, 0.001607
10.143635, -0.006307
10.347088, -0.013937
10.963264, -0.016355
12.335124, -0.040411
10.521478, -0.051515
10.736557, -0.056017
10.765623, -0.063147
10.451722, -0.069992
10.463347, -0.081126
10.381967, -0.090938
10.387779, -0.101516
10.225016, -0.106216
10.079692, -0.108027
10.073879, -0.108540
10.132010, -0.111016
10.352901, -0.115443
10.318024, -0.121539
10.358714, -0.127413
10.358714, -0.133320
10.225016, -0.141917
10.265707, -0.149075
10.068066, -0.155896
11.928217, -0.199632
10.265707, -0.160724
10.719119, -0.149096
10.986516, -0.138901
11.056271, -0.063045
11.858461, -0.037297
10.806313, -0.018515
12.067728, -0.049259
10.672615, -0.075964
12.009599, -0.019910
11.992160, 0.031141
10.701680, 0.003131
12.416507, -0.021527
12.573456, -0.037073
12.271181, -0.043007
10.190138, -0.028162
10.341275, -0.018024
10.225017, -0.011653
10.149448, -0.010349
10.271521, -0.010691
10.329649, -0.008701
10.335463, -0.007239
10.329650, -0.008233
10.288959, -0.006841
10.248268, -0.006460
10.184325, -0.006743
10.219203, -0.005900
10.213390, -0.005164
10.254081, -0.003918
10.254081, -0.004568
10.161074, -0.005349
10.207577, -0.004947
10.137821, -0.005047
10.149447, -0.004529
10.132009, -0.004033
10.132009, -0.002995
10.155260, -0.001775
10.062253, -0.001613
10.108757, -0.001618
10.097131, -0.001628
10.056440, -0.001635
10.097131, -0.001713
10.091318, -0.001403
10.114570, -0.000556
10.068066, -0.000500
10.050627, -0.000372
10.073879, -0.000477
12.515326, -0.001513
10.062253, -0.001366
10.033188, -0.001203
10.097131, -0.000170
10.033188, -0.000011
10.027375, -0.000321
10.033189, -0.000306
12.468822, -0.000498
10.021563, -0.000298
12.474636, 0.000117
10.015749, 0.001349
10.050627, 0.002003
10.422657, 0.004321
10.347088, 0.014267
10.428470, 0.021557
10.225017, 0.035637
10.161074, 0.060478
10.649364, 0.054608
10.730744, 0.065658
10.724933, 0.074513
10.765622, 0.076290
10.463348, 0.097566
10.556355, 0.098362
10.579607, 0.100022
10.399405, 0.106429
10.533104, 0.112433
10.538917, 0.118531
10.399405, 0.123691
10.120382, 0.125562
10.079692, 0.130887
10.190138, 0.136051
10.236642, 0.136993
10.039001, 0.142630
11.428302, 0.188004
12.154923, 0.204316
10.126196, 0.165206
10.044814, 0.138434
10.887694, 0.105914
11.009768, 0.074049
11.881714, 0.048735
11.625942, 0.009946
10.230829, -0.006332
11.939842, 0.004815
11.120214, 0.028034
11.870087, 0.033761
11.817771, 0.038399
11.875900, 0.030799
12.282808, 0.024760
11.992159, 0.023213
12.230492, 0.024315
12.160734, 0.020569
12.236304, 0.017028
12.329311, 0.014186
12.463010, 0.011545
12.468823, 0.010417
12.497889, 0.009838
12.503700, 0.009572
12.480449, 0.008303
10.027375, 0.005896
10.114570, 0.005264
10.062253, 0.004987
10.091318, 0.005747
10.097131, 0.006141
10.033188, 0.005913
10.068067, 0.005281
10.009936, 0.003661
10.073879, 0.002409
10.079692, 0.001313
10.056440, 0.001145
10.097131, 0.001577
10.033188, 0.000983
12.497889, 0.000871
10.009936, 0.000092
10.004124, -0.000758
10.021563, -0.001241
12.463011, -0.001373
10.021563, 0.000121
12.451385, 0.000549
12.567644, 0.000094
10.161074, 0.003248
10.056439, 0.006871
10.312210, 0.006700
10.411032, -0.002201
10.259894, -0.012324
10.143635, -0.008780
10.114570, -0.006524
12.480449, -0.004276
12.416507, -0.002388
12.474636, 0.000366
12.521139, 0.001850
12.370003, 0.002812
10.213390, -0.000788
10.283146, -0.011474
10.643550, -0.018194
10.765623, -0.025433
10.265707, -0.045651
10.579607, -0.050227
10.713305, -0.056253
10.538916, -0.067680
10.742371, -0.077618
12.410693, -0.114379
10.387779, -0.101740
10.033188, -0.104475
10.027375, -0.107280
10.102943, -0.110779
10.062253, -0.112853
10.027375, -0.117222
12.497889, -0.151901
12.532766, -0.156694
10.039001, -0.131036
10.079692, -0.135525
10.004124, -0.141284
12.282807, -0.183602
11.957282, -0.187536
10.411031, -0.151378
10.509851, -0.135527
10.132009, -0.104882
11.939842, -0.069773
11.410862, -0.038878
11.678259, -0.020748
11.416676, -0.033065
10.823753, -0.074385
11.033020, -0.027702
11.317854, 0.031929
10.050627, 0.022579
11.149279, 0.001232
11.904964, -0.027385
12.306059, -0.051832
10.300585, -0.042524
12.358376, -0.038757
12.433945, -0.017913
12.370003, -0.006334
10.015749, -0.004448
10.137821, -0.005777
10.207577, -0.006422
10.201764, -0.008139
10.248268, -0.007211
10.195951, -0.006439
10.097131, -0.006781
10.050627, -0.005828
10.050627, -0.006185
10.073879, -0.006651
10.137822, -0.005981
10.126196, -0.006100
10.097131, -0.005123
10.050627, -0.004089
10.009936, -0.003003
12.439759, -0.002629
12.486262, -0.002980
10.033189, -0.002575
10.056440, -0.002054
10.027375, -0.001743
12.474636, -0.002118
12.445572, -0.000898
12.393254, -0.002288
12.486262, -0.002616
10.062253, -0.001979
10.033188, -0.001564
10.033188, -0.001166
12.457197, -0.000922
12.445571, -0.000641
12.445571, -0.001767
10.039001, -0.001209
10.068066, -0.001241
10.062253, -0.000741
12.521140, -0.000851
12.457197, -0.000364
12.410693, -0.000832
12.486262, -0.000854
10.073879, -0.001126
10.195951, -0.000158
10.480787, 0.007147
10.585421, 0.016898
10.376153, 0.023134
10.573794, 0.043861
10.771436, 0.055791
10.858629, 0.057726
12.678090, 0.085010
10.538917, 0.096572
10.533104, 0.095787
10.405218, 0.092379
10.527291, 0.101180
10.474974, 0.113536
10.469160, 0.116154
10.457535, 0.120879
10.120382, 0.127294
10.137821, 0.129533
10.132009, 0.135621
10.143635, 0.137487
12.300247, 0.176378
12.311872, 0.187344
12.015411, 0.189479
12.195613, 0.184813
10.161074, 0.134278
10.573794, 0.116233
10.073879, 0.084778
10.132009, 0.051692
12.265368, 0.035779
11.701510, 0.014993
12.189800, 0.014339
10.039001, 0.018507
12.393255, 0.027887
12.416506, 0.032697
12.410693, 0.033570
12.509514, 0.032508
12.468822, 0.031378
12.457197, 0.028785
10.004124, 0.019944
12.416506, 0.021363
12.282807, 0.017230
12.178174, 0.014041
12.195613, 0.012166
12.242117, 0.010904
12.346751, 0.009133
12.311873, 0.008380
12.259557, 0.008737
12.201426, 0.009561
12.207239, 0.008301
12.294434, 0.006820
12.393254, 0.005581
12.422320, 0.004934
12.346751, 0.004883
12.323499, 0.005955
12.271181, 0.005408
12.352564, 0.002605
12.457198, 0.000922
12.497889, 0.000728
12.410693, 0.001341
12.387441, 0.002118
12.323499, 0.002092
12.375815, 0.001420
12.463010, 0.000881
10.178513, 0.000113
10.062253, 0.004578
10.137821, 0.005385
10.440096, 0.006556
10.219203, -0.001401
10.283146, -0.007920
10.271520, -0.005649
10.230829, -0.004459
10.137822, -0.002380
10.039001, -0.000849
10.050627, 0.001556
12.468822, 0.003480
10.102943, 0.001366
10.161074, -0.006937
10.411032, -0.013801
10.602859, -0.015065
10.672615, -0.026003
10.498225, -0.042316
10.730745, -0.047511
10.736558, -0.055014
10.015749, -0.068117
10.306397, -0.082335
10.538916, -0.093001
10.504039, -0.102772
10.411032, -0.109702
10.323836, -0.112069
10.056439, -0.112227
12.509515, -0.134735
10.457535, -0.096689
10.405218, -0.076545
12.317685, -0.065109
10.300585, -0.030679
10.085505, -0.017822
12.306059, -0.011436
12.399067, -0.004819
10.039001, -0.003516
12.463011, -0.007620
10.073879, -0.011036
10.073879, -0.013348
12.538579, -0.018975
10.073879, -0.017383
12.474636, -0.022647
12.381628, -0.021546
12.253742, -0.018283
12.131671, -0.015350
12.114232, -0.012779
12.201427, -0.011870
12.131671, -0.009431
12.125858, -0.007492
12.073541, -0.005760
12.230492, -0.001926
12.445571, -0.009180
10.201764, -0.016474
10.254081, -0.019752
10.556355, -0.026069
10.498226, -0.041481
10.713305, -0.046630
10.562168, -0.057355
10.056439, -0.070371
10.219203, -0.089061
10.451722, -0.097779
12.480449, -0.129069
10.161074, -0.104300
12.352564, -0.135580
12.015411, -0.134901
12.271182, -0.117891
10.323836, -0.075062
12.346750, -0.070428
10.050627, -0.039336
11.678259, -0.031818
10.852817, -0.052415
10.358714, -0.056221
11.910778, 0.028151
12.625772, 0.021216
12.387442, -0.014497
12.556017, -0.017677
12.311872, -0.023624
12.288621, -0.024965
12.404881, -0.021499
12.375815, -0.015727
12.306060, -0.015699
12.323498, -0.013497
12.300247, -0.010749
12.404881, -0.010457
12.404881, -0.008220
12.306061, -0.008388
10.068066, -0.006217
10.085505, -0.009427
10.195951, -0.008444
10.242455, 0.007147
10.236643, 0.010415
10.195951, -0.002980
10.213390, -0.005738
10.201764, -0.004834
10.108757, -0.005230
10.073879, -0.006343
12.492075, -0.008354
10.079692, -0.005783
10.039001, -0.005323
12.399068, -0.005279
12.381628, -0.002133
12.294434, 0.001203
12.259557, 0.000345
12.288621, 0.000051
12.335125, -0.000243
12.335125, 0.000230
12.288620, 0.000871
12.317687, 0.001950
12.265368, 0.000858
12.306060, 0.000483
12.416507, -0.000598
12.439758, -0.000145
12.474636, -0.001737
10.120382, -0.003452
12.399068, -0.010195
10.027375, -0.007897
10.027375, -0.009186
10.085505, -0.007871
10.137821, -0.007520
10.044814, -0.008416
10.248268, -0.009299
10.068066, -0.012901
10.033188, -0.012568
10.225016, -0.012622
10.108757, -0.012313
10.091318, -0.008573
10.021563, -0.005989
12.410693, -0.003657
12.364190, -0.000996
12.323498, -0.000409
12.433945, 0.001407
12.445571, 0.002288
12.381628, 0.004529
12.259557, 0.006394
12.335125, 0.009561
12.323500, 0.010138
12.492075, 0.012177
10.021563, 0.008280
10.044813, 0.007115
12.492075, 0.010385
10.015749, 0.010574
12.486262, 0.012468
10.009936, 0.011430
10.108757, 0.011768
10.155260, 0.012062
10.132010, 0.012809
10.225017, 0.013673
10.190138, 0.014895
10.207577, 0.015148
10.114570, 0.015795
10.178513, 0.015393
10.225016, 0.013920
10.021563, 0.012388
10.033188, 0.011924
10.050627, 0.011464
12.457197, 0.011781
10.073878, 0.006238
10.085505, -0.000919
10.039001, -0.004685
12.451385, -0.007771
10.015749, -0.006092
12.451385, -0.010036
12.445571, -0.010719
10.021562, -0.009246
10.242455, -0.008614
10.271521, -0.013631
10.515665, -0.020874
10.806314, -0.028068
10.660989, -0.044242
10.666802, -0.049057
10.643551, -0.058398
12.654839, -0.094801
10.591233, -0.092671
10.480786, -0.093269
10.108757, -0.089444
10.236642, -0.084487
10.358714, -0.076882
10.440096, -0.061361
10.207578, -0.042571
10.178513, -0.026836
10.027375, -0.016134
10.021563, -0.007773
12.503701, -0.004423
12.503701, -0.002731
12.556018, -0.005766
10.347089, -0.009955
10.021563, -0.015344
10.184325, -0.018413
10.172700, -0.020942
12.463010, -0.026082
12.468823, -0.024051
12.352564, -0.020895
12.259557, -0.018916
12.189800, -0.018071
12.282807, -0.016321
12.247931, -0.014869
12.183987, -0.012849
12.160735, -0.011426
12.044476, -0.010251
12.079354, -0.009331
12.079353, -0.007107
12.143297, -0.006775
12.114232, -0.005889
12.195614, -0.004932
12.102606, -0.003731
12.183987, -0.003708
12.172360, -0.002867
12.259556, -0.002177
12.230491, -0.002065
12.265368, -0.002575
12.230492, -0.002595
12.271182, -0.002814
12.265368, -0.001901
12.335124, -0.000770
12.329311, -0.000892
12.311872, -0.000709
12.352564, -0.001584
12.352564, -0.003054
12.370003, -0.003527
12.457197, -0.002910
12.410692, -0.002716
12.410693, -0.002569
12.393254, -0.002062
12.393255, -0.002426
12.393253, -0.002901
10.004123, -0.001309
12.451385, -0.000758
12.451385, -0.001613
12.404881, -0.002171
12.486262, -0.005449
12.451384, -0.004815
12.497888, -0.004314
12.492075, -0.003827
12.509514, -0.003257
12.503701, -0.003821
10.015749, -0.004202
10.027374, -0.004182
10.021563, -0.004016
10.079692, -0.002756
10.015749, -0.002675
12.515327, -0.003620
10.021563, -0.003031
12.480449, -0.005364
10.062253, -0.005553
10.021562, -0.005715
10.044814, -0.003867
10.021563, -0.003793
12.521140, -0.004495
10.056440, -0.004636
12.544392, -0.008056
10.143635, -0.008812
10.050627, -0.007865
10.050628, -0.005061
10.108757, -0.004817
10.056440, -0.005181
10.428471, -0.004172
10.143635, -0.001456
10.300585, -0.002778
10.207578, -0.002946
10.137821, -0.001603
10.039001, -0.001428
10.033188, -0.001490
10.039001, -0.001818
12.468823, -0.003631
10.056440, -0.003542
10.097131, -0.004691
12.509514, -0.003733
12.370002, -0.003606
12.346750, -0.001739
12.317685, -0.001469
12.364189, -0.000707
12.422318, -0.001490
12.416507, -0.001328
12.387441, 0.000275
12.358377, -0.000464
12.364190, 0.000424
12.364189, 0.000751
12.463010, 0.000677
12.399067, 0.000592
12.480450, 0.001733
12.416507, 0.000183
12.439758, -0.001183
12.451384, -0.003271
10.021563, -0.003142
12.480449, -0.005391
12.509514, -0.003416
12.463011, -0.002967
12.526953, -0.004412
12.445572, -0.006698
10.050627, -0.005455
10.056440, -0.004470
12.480449, -0.004023
10.015749, -0.001939
12.474636, -0.003516
12.468822, -0.003993
10.009936, -0.004376
10.044814, -0.003976
10.039001, -0.003318
12.497889, -0.002103
12.492075, -0.000726
12.433946, -0.001305
12.433946, -0.002656
12.486262, -0.002778
12.480450, -0.003054
12.474636, -0.002107
10.021563, -0.001635
12.457197, -0.003861
12.457198, -0.006077
10.015749, -0.005374
10.044814, -0.005689
10.062254, -0.004923
10.015749, -0.003761
12.503701, -0.003755
12.486261, -0.004340
12.439758, -0.005225
10.039001, -0.004216
10.039001, -0.003582
10.021563, -0.002639
12.445571, -0.001271
12.532765, -0.001626
12.399068, -0.003246
10.009936, -0.002988
10.027375, -0.003056
10.044814, -0.002684
10.027376, -0.001807
12.463010, -0.000928
12.474636, -0.000313
12.422319, -0.000777
12.486261, -0.001558
10.073878, -0.001884
10.073879, -0.001298
12.474636, -0.000330
12.468823, 0.000430
12.515327, -0.000336
12.480450, -0.004142
10.091317, -0.003699
10.120383, -0.003561
10.039001, -0.002267
12.457197, -0.001183
10.039001, -0.000272
12.416506, -0.003331
10.062253, -0.002933
10.044813, -0.003955
10.108757, -0.003891
10.102943, -0.002595
10.021563, -0.001999
12.480449, -0.002622
12.468822, -0.004538
10.021563, -0.002822
10.102943, -0.004044
10.085505, -0.001854
10.021562, -0.000694
12.433946, 0.000315
12.474636, 0.000885
12.416506, -0.000507
10.009936, -0.001662
10.015749, -0.002684
10.021563, -0.002335
12.463011, -0.001603
12.410693, -0.000068
12.433946, -0.001049
12.457197, -0.003046
10.085505, -0.004412
10.033188, -0.004753
10.068066, -0.003765
12.439758, -0.004546
12.526953, -0.003229
12.399068, -0.004099
12.521140, -0.004891
10.044814, -0.003548
10.039001, -0.002324
12.492075, -0.001809
12.457198, -0.000324
12.515326, -0.001524
12.457197, -0.002375
10.044814, -0.002182
10.062253, -0.002024
10.068066, -0.001469
10.004123, -0.001122
10.015749, -0.001373
12.416506, -0.001801
10.009936, -0.002824
10.073879, -0.003812
10.015749, -0.003205
10.062253, -0.002443
10.027375, -0.002003
12.480450, -0.002226
10.004124, -0.001839
12.468823, -0.005070
10.027375, -0.002692
10.044814, -0.002192
10.033188, -0.001818
12.451385, -0.001896
10.021563, -0.000994
12.416507, -0.002937
12.515326, -0.001662
10.039001, -0.001113
10.039001, -0.000979
10.050627, -0.001077
10.102944, -0.001703
10.132009, -0.004976
10.021562, -0.005857
10.050627, -0.007096
10.143635, -0.005660
10.143635, -0.006475
10.108757, -0.006345
10.155260, -0.007062
10.085505, -0.007965
10.050627, -0.006945
10.108757, -0.008322
10.102943, -0.009333
10.149448, -0.009729
10.161074, -0.009161
10.120382, -0.009742
10.039001, -0.010472
10.009936, -0.009550
10.056440, -0.010455
10.102943, -0.011206
10.062252, -0.011328
10.097131, -0.011291
10.097132, -0.011677
10.195951, -0.010898
10.004123, -0.013882
10.097131, -0.014344
10.120382, -0.013652
10.091318, -0.012858
10.097131, -0.011383
10.149447, -0.012234
10.097131, -0.011962
10.091318, -0.012368
10.009935, -0.012575
10.044814, -0.012343
12.480449, -0.015682
12.480449, -0.013784
12.451384, -0.012545
12.480449, -0.011151
12.352564, -0.013403
12.445572, -0.014446
12.556018, -0.014031
10.027375, -0.011747
12.445572, -0.015365
12.468823, -0.015195
12.439758, -0.015278
10.027375, -0.011975
10.009937, -0.011594
10.056440, -0.010478
12.526953, -0.014427
10.050628, -0.012896
12.416507, -0.016619
10.114570, -0.013484
10.027375, -0.014582
10.039001, -0.012652
10.044814, -0.011228
10.073879, -0.010944
10.004124, -0.012102
12.474636, -0.016078
10.056440, -0.011962
10.068066, -0.011606
10.068066, -0.010478
10.039001, -0.011396
10.050627, -0.011443
12.445571, -0.015180
10.009936, -0.013011
10.027375, -0.012809
10.033188, -0.012179
10.073879, -0.011557
10.039001, -0.012100
12.457197, -0.015038
10.027376, -0.012681
12.515326, -0.016417
12.515326, -0.016174
10.108757, -0.011909
10.039001, -0.011664
12.521140, -0.015163
12.463011, -0.015719
12.486262, -0.015431
10.021563, -0.012630
10.021563, -0.012422
10.033188, -0.011345
12.468822, -0.014937
12.428132, -0.014650
10.004123, -0.012745
10.033188, -0.012935
12.492075, -0.015817
10.050628, -0.012426
12.480449, -0.015159
12.451384, -0.015410
12.433945, -0.014899
10.056440, -0.013028
12.445571, -0.016078
10.079692, -0.011834
10.039001, -0.012884
12.445572, -0.015653
12.451385, -0.015951
12.521139, -0.014212
10.004124, -0.011089
10.033188, -0.010255
10.056440, -0.011702
10.062253, -0.011672
12.538578, -0.016598
10.021562, -0.012707
10.033188, -0.012490
10.062253, -0.011721
10.079692, -0.011285
10.009936, -0.011655
10.108757, -0.012649
12.468823, -0.016444
10.021563, -0.013562
10.009936, -0.013471
10.056440, -0.011943
10.044814, -0.011057
10.039001, -0.011604
10.004123, -0.012049
12.515326, -0.015946
10.044813, -0.012898
10.039001, -0.013573
10.068066, -0.013041
10.102944, -0.011383
10.236642, -0.011238
10.009936, -0.013211
12.468823, -0.014544
10.073879, -0.010485
10.225017, -0.012281
10.347089, -0.018019
10.544730, -0.020840
10.416844, -0.028030
10.376154, -0.047875
10.608673, -0.050887
10.771436, -0.058586
10.748183, -0.067568
10.556355, -0.082052
10.172700, -0.096981
10.370340, -0.104407
10.341275, -0.109166
10.097131, -0.112293
12.323499, -0.140867
12.381628, -0.144460
12.468822, -0.148762
12.329312, -0.152425
12.178175, -0.158772
12.358377, -0.163520
10.097131, -0.132834
12.236304, -0.176127
10.056440, -0.148883
12.259556, -0.192627
11.992161, -0.199998
10.445909, -0.155960
11.544560, -0.168371
11.562000, -0.115696
12.061914, -0.081205
10.533104, -0.047118
11.631756, -0.045630
11.689885, -0.035034
11.439928, 0.013001
11.213221, 0.071082
10.695868, 0.048409
13.160566, 0.041090
11.114401, 0.010385
11.439927, -0.025141
11.457366, 0.003689
10.225017, 0.013060
11.701510, 0.074381
12.433945, 0.089614
10.039001, 0.085549
12.172361, 0.124295
12.538578, 0.135489
12.631586, 0.146339
10.195951, 0.125617
10.556355, 0.131391
10.376154, 0.138901
10.370340, 0.145848
10.486600, 0.153883
10.672615, 0.159146
10.259894, 0.166277
10.277333, 0.178213
10.358714, 0.185437
11.777081, 0.233372
10.521478, 0.184000
10.852817, 0.163448
11.027205, 0.131279
10.283146, 0.087560
11.096962, 0.057204
10.509851, 0.030396
10.905134, -0.002333
11.329481, -0.029981
11.631756, -0.056553
10.422657, -0.026689
10.132010, -0.013903
10.980703, -0.005332
11.765453, -0.019228
10.143635, -0.026899
10.411032, -0.036043
10.724932, -0.040828
10.905134, -0.048073
11.073709, -0.057277
11.527122, -0.066259
12.724594, -0.098439
11.184157, -0.100782
10.829565, -0.111844
10.753997, -0.122567
10.376154, -0.127205
10.219203, -0.126151
12.480450, -0.163205
12.445571, -0.160321
12.306060, -0.159676
12.131670, -0.155030
12.329311, -0.155960
12.590896, -0.157667
10.277333, -0.135195
10.288960, -0.140354
10.341275, -0.147644
10.573794, -0.148634
10.161074, -0.144260
11.893339, -0.125393
10.707493, -0.043861
11.044644, -0.025807
10.265707, -0.007662
10.405218, 0.023434
11.474804, 0.028404
11.532934, 0.045396
11.346920, 0.030665
12.067728, 0.031901
12.265369, 0.039330
10.318024, 0.039562
10.538917, 0.043804
10.957451, 0.052475
11.050458, 0.060610
12.619960, 0.095985
10.126196, 0.110052
10.341276, 0.110843
10.126196, 0.111239
10.190138, 0.113725
10.097132, 0.114655
10.277332, 0.116765
10.265707, 0.124116
10.509851, 0.128016
10.207578, 0.134665
10.201764, 0.141895
12.329311, 0.186459
11.974720, 0.181372
12.096793, 0.176757
10.126196, 0.133905
12.375816, 0.153297
11.637568, 0.131568
10.655176, 0.095970
10.963264, 0.075415
10.469161, 0.045940
10.294772, 0.022921
12.364189, -0.006141
10.102943, -0.019861
10.126195, -0.022436
10.044814, -0.023932
10.114570, -0.026050
10.387779, -0.027802
10.428471, -0.029854
10.701679, -0.036237
10.817940, -0.050219
10.881882, -0.056838
10.509851, -0.062632
10.376153, -0.076345
10.783062, -0.090302
10.556355, -0.101495
10.242455, -0.110037
10.445909, -0.122445
10.033188, -0.125974
12.085167, -0.156154
11.968907, -0.157618
11.858461, -0.156590
11.864275, -0.154894
11.881713, -0.155285
12.364190, -0.159208
12.416506, -0.170157
12.282808, -0.180216
12.149109, -0.186574
10.480787, -0.142108
10.050628, -0.116884
12.213053, -0.073791
11.457366, -0.012324
11.498056, 0.021053
11.852648, 0.026074
12.154922, 0.032787
11.742202, 0.025335
12.335125, 0.026127
10.347089, 0.024882
10.445910, 0.030250
10.631924, 0.038042
10.817940, 0.047013
10.753997, 0.060018
10.707493, 0.079123
10.701680, 0.088684
10.620298, 0.093162
10.736557, 0.095550
10.300585, 0.099105
10.137821, 0.092370
12.747847, 0.103747
10.225016, 0.067500
10.219203, 0.049280
10.132008, 0.032904
10.155260, 0.013737
10.073879, 0.008550
10.009936, 0.007094
10.352901, 0.007592
10.254081, 0.014205
10.149447, 0.020616
10.393593, 0.048450
10.242455, 0.049199
12.492075, 0.056800
10.021563, 0.045975
12.538578, 0.057000
12.410693, 0.053030
12.317685, 0.046260
12.433946, 0.039270
12.451384, 0.025716
10.132009, 0.010366
10.073879, -0.001137
10.213390, -0.006477
10.422657, -0.015510
10.381966, -0.025045
10.451722, -0.030458
10.521478, -0.034753
10.312210, -0.037031
10.445909, -0.039653
10.422657, -0.043244
10.236643, -0.047107
10.312210, -0.048980
10.236643, -0.044821
10.132009, -0.037991
12.451385, -0.034575
12.509514, -0.015585
12.149110, 0.002448
10.050627, 0.030256
12.364189, 0.043188
12.370003, 0.039527
12.276995, 0.042810
10.015749, 0.036486
10.085505, 0.038391
10.132009, 0.040068
10.056440, 0.043274
12.422319, 0.049372
12.387442, 0.044659
12.183987, 0.034445
10.155260, 0.019590
10.015749, 0.004944
10.254082, -0.001943
10.225016, -0.013292
10.288960, -0.022723
10.393593, -0.027255
10.288959, -0.030969
10.254081, -0.033913
10.288960, -0.037533
10.236642, -0.040157
10.376153, -0.044559
10.213390, -0.046228
10.190139, -0.045391
10.033189, -0.041867
12.387442, -0.041383
10.126196, -0.021514
12.358377, -0.010053
10.259893, 0.003542
10.132009, 0.026880
12.428131, 0.038599
10.050627, 0.029585
12.492075, 0.043789
10.161074, 0.039493
12.463010, 0.054084
10.178513, 0.046307
12.352563, 0.058452
12.131671, 0.049342
12.090980, 0.039902
12.352563, 0.026669
10.009936, 0.006462
10.149447, -0.003346
12.672277, -0.019569
10.236643, -0.024550
10.009935, -0.028983
10.283146, -0.032819
10.155260, -0.039327
10.062253, -0.039236
10.108757, -0.039742
10.219203, -0.043516
10.068066, -0.045108
12.428132, -0.050896
12.108418, -0.040917
12.021224, -0.029038
12.276996, -0.019271
12.370003, 0.002535
12.404880, 0.011564
10.312211, 0.016283
10.166887, 0.029164
10.126196, 0.031882
10.195951, 0.038080
10.259893, 0.041262
10.306397, 0.043801
10.039001, 0.044936
10.062253, 0.048358
10.015749, 0.045330
12.323500, 0.047603
12.207240, 0.036986
12.492075, 0.024937
10.015749, 0.005440
12.422318, -0.011191
10.172699, -0.021076
10.068066, -0.026838
10.254081, -0.029385
10.091318, -0.034430
10.126196, -0.035992
10.108757, -0.038195
10.172699, -0.039449
10.091317, -0.040630
12.340938, -0.046390
12.224678, -0.041015
12.044477, -0.033366
11.870088, -0.026561
11.934030, -0.016974
11.875900, -0.009931
11.841022, -0.004019
11.718949, 0.002403
11.689884, 0.005623
11.666634, 0.007333
11.875900, 0.009167
11.928217, 0.010034
12.038664, 0.011093
12.073541, 0.014648
12.079353, 0.015736
12.120045, 0.015931
12.172361, 0.017794
12.335125, 0.015976
12.300247, 0.018298
12.399068, 0.018532
12.294434, 0.019490
12.375815, 0.020950
12.387442, 0.021091
12.428133, 0.020718
12.445572, 0.022102
10.015749, 0.018168
12.480450, 0.022811
12.468822, 0.023558
12.503701, 0.022570
12.375815, 0.021723
12.486261, 0.022628
10.015749, 0.019013
10.004124, 0.019026
10.027375, 0.018684
10.021563, 0.017809
10.027376, 0.017779
12.416506, 0.023849
12.370003, 0.025501
10.015750, 0.019873
10.027374, 0.020107
10.062253, 0.019094
10.009935, 0.018239
10.085505, 0.018539
10.097132, 0.021201
12.445570, 0.027221
12.439758, 0.025652
10.015749, 0.019003
10.068066, 0.017936
10.009937, 0.017524
10.039001, 0.018737
10.062253, 0.019695
10.027375, 0.020229
10.027375, 0.020369
10.062254, 0.019612
12.468822, 0.023907
10.021563, 0.019345
10.161074, 0.019814
10.219204, 0.020391
10.097131, 0.023611
10.149447, 0.022408
10.073879, 0.019954
12.428132, 0.022753
12.567644, 0.022078
12.497887, 0.024501
10.097131, 0.019107
10.149447, 0.018241
10.009936, 0.018758
12.416507, 0.024137
12.439758, 0.026833
12.352564, 0.026367
12.375815, 0.024992
10.027375, 0.018039
10.015749, 0.017362
12.439759, 0.022123
12.416507, 0.023658
12.404880, 0.024220
12.521140, 0.023954
12.445571, 0.023839
12.433945, 0.023473
10.033188, 0.019428
10.027375, 0.020071
12.480449, 0.024422
10.056440, 0.019045
10.027375, 0.018383
12.352564, 0.022823
10.021563, 0.018850
10.039001, 0.019371
12.480450, 0.024241
10.062253, 0.018390
10.068066, 0.017751
12.474636, 0.022210
10.062254, 0.019026
12.433946, 0.025220
10.091318, 0.020348
10.056440, 0.019577
10.126196, 0.018649
10.079692, 0.018049
12.416506, 0.022374
12.358377, 0.019807
12.311872, 0.013028
10.097131, 0.005281
10.137822, -0.008007
10.352901, -0.014054
10.579607, -0.020184
10.585421, -0.034811
10.724932, -0.039891
10.521477, -0.045530
10.283146, -0.056949
10.422657, -0.069015
10.533103, -0.082137
10.533104, -0.089201
10.184325, -0.097747
10.300585, -0.101238
10.079692, -0.106695
12.137484, -0.129137
12.050289, -0.123061
12.294434, -0.107457
10.166886, -0.071158
10.108757, -0.054578
12.207239, -0.048197
12.282808, -0.029411
12.189800, -0.018560
12.282808, -0.014490
12.480450, -0.010919
12.480449, -0.015672
10.097131, -0.016325
12.451384, -0.023000
12.550205, -0.024373
10.213390, -0.023226
10.114569, -0.039404
12.439758, -0.015670
11.997972, 0.027276
12.352564, -0.021570
12.509514, -0.016627
12.399067, -0.012877
12.335125, -0.011900
12.213053, -0.010044
12.259556, -0.005300
12.009599, -0.003131
12.102606, -0.005604
12.224678, -0.006089
12.375815, -0.004874
12.271182, -0.003523
12.271183, -0.002765
12.079355, -0.002850
12.178174, -0.002426
12.218864, -0.002148
12.335124, -0.000834
12.294435, -0.000211
12.311872, -0.000130
12.236304, -0.000585
12.282808, -0.000336
12.352564, -0.001792
12.370002, -0.000922
12.387442, -0.000166
12.364190, -0.000057
12.306060, -0.000626
12.335125, -0.000836
12.381628, -0.001224
12.410693, -0.000764
12.428133, -0.000170
12.410693, 0.000866
12.381628, 0.000094
12.375815, 0.000413
12.468822, -0.001235
12.463009, -0.000626
12.503700, 0.000145
12.439758, 0.000847
12.381628, 0.001068
12.387442, 0.001535
12.399067, 0.000496
12.486262, -0.000023
10.015749, 0.000394
12.468823, 0.001498
12.422319, 0.001845
10.033188, 0.001511
10.428471, -0.003767
10.451722, -0.014825
10.579607, -0.018747
10.806314, -0.029628
10.852818, -0.041109
10.771436, -0.045438
10.783062, -0.061184
10.393593, -0.077795
10.783062, -0.090823
10.416844, -0.100559
10.172700, -0.109128
10.009936, -0.110980
12.300246, -0.134518
12.172362, -0.120751
10.341275, -0.085140
12.131671, -0.083665
12.131671, -0.063494
12.265368, -0.052047
12.387441, -0.050580
10.027375, -0.039655
10.184326, -0.043384
10.126196, -0.045347
10.079692, -0.043052
10.056440, -0.037867
12.294435, -0.036024
12.503701, -0.025903
10.132009, -0.008495
10.108757, 0.000907
10.062253, 0.005042
10.073879, 0.009169
12.509514, 0.015904
12.480449, 0.018441
12.515326, 0.019835
10.033188, 0.018220
10.039001, 0.020105
10.120382, 0.022604
10.114570, 0.022751
10.155260, 0.023428
10.364528, 0.024818
10.277332, 0.027029
10.271520, 0.030499
10.405219, 0.032601
10.219203, 0.033453
10.184326, 0.030997
10.149447, 0.026750
10.097131, 0.023390
12.404881, 0.021527
12.451384, 0.014784
12.463010, 0.003555
10.044814, -0.007394
10.062253, -0.010785
10.056440, -0.014248
10.073879, -0.015412
10.201764, -0.018066
10.207577, -0.021827
10.399405, -0.024401
10.213390, -0.029792
10.335463, -0.030765
10.492414, -0.030167
10.283146, -0.033468
10.393593, -0.030665
10.195951, -0.034698
10.288960, -0.032080
10.283146, -0.035075
10.393593, -0.036456
10.230829, -0.037027
10.225017, -0.037882
10.172699, -0.037627
10.137821, -0.038719
10.195951, -0.037235
10.248268, -0.038740
10.166886, -0.037618
10.120382, -0.037784
10.132009, -0.039538
10.033188, -0.042348
10.097132, -0.041228
10.085505, -0.041260
10.155261, -0.039923
10.108757, -0.039676
12.399067, -0.048501
12.381628, -0.047149
12.102606, -0.039070
12.143296, -0.031886
11.997972, -0.022645
11.992159, -0.012271
12.131670, 0.000873
12.183988, 0.011055
12.172361, 0.016319
12.230492, 0.020007
12.183988, 0.022540
12.166549, 0.026655
12.370003, 0.027812
12.236303, 0.028162
12.340938, 0.029549
12.585083, 0.032225
10.027375, 0.027406
10.137822, 0.027989
10.364528, 0.029803
10.178513, 0.033391
10.201765, 0.035541
10.329649, 0.035517
10.335463, 0.036307
10.248268, 0.038419
10.213390, 0.034279
10.021563, 0.029147
12.393255, 0.032231
12.329310, 0.026154
12.259556, 0.017851
12.416506, 0.006854
12.381628, -0.008233
12.364189, -0.014371
12.399068, -0.016585
12.492075, -0.017773
12.404881, -0.022747
10.207578, -0.023394
10.195951, -0.025041
10.178513, -0.025920
10.254081, -0.027257
10.259894, -0.028881
10.300585, -0.030775
10.143635, -0.033876
10.265707, -0.036126
10.195951, -0.036273
10.312210, -0.036656
10.300585, -0.036622
10.126196, -0.036388
10.184325, -0.037197
10.195951, -0.038866
10.009936, -0.039068
10.300585, -0.039574
10.271520, -0.041779
10.027375, -0.042927
10.004124, -0.041239
12.445572, -0.049591
10.009936, -0.036863
10.085505, -0.034042
10.039001, -0.034572
12.306059, -0.042143
12.149109, -0.037482
12.120045, -0.032146
12.061916, -0.026552
12.027037, -0.015574
11.945656, -0.008365
12.189800, 0.001505
12.027038, 0.013169
12.102606, 0.019458
12.265369, 0.022285
12.178174, 0.023760
12.329312, 0.024528
12.259557, 0.027214
10.015749, 0.024475
12.311872, 0.031916
10.068066, 0.026980
10.108757, 0.026808
10.172700, 0.026674
10.236642, 0.028225
10.288959, 0.034587
10.335463, 0.036837
10.207577, 0.037193
10.347089, 0.037842
10.114570, 0.037950
12.474636, 0.040702
12.416506, 0.034125
12.335124, 0.024575
10.102943, 0.013167
12.468822, 0.002231
10.073879, -0.005225
12.370002, -0.012922
10.097130, -0.013926
10.068067, -0.017979
10.044814, -0.020129
10.207577, -0.021746
10.277333, -0.024049
10.097130, -0.025982
10.294772, -0.028040
10.318024, -0.030226
10.114570, -0.030771
10.323836, -0.029879
10.068066, -0.035588
10.195951, -0.035539
10.149447, -0.035130
10.068067, -0.035111
10.201764, -0.035869
10.114570, -0.035641
10.242455, -0.034057
10.015749, -0.037903
10.161074, -0.035824
10.114571, -0.039581
10.172700, -0.040045
10.161074, -0.039549
12.492075, -0.050155
10.079692, -0.039568
12.404881, -0.048884
12.463010, -0.046779
12.323499, -0.045683
12.149110, -0.039836
12.143297, -0.034291
11.939843, -0.026235
12.038663, -0.015365
12.230491, -0.006292
12.259556, 0.007507
12.108418, 0.014180
12.172361, 0.019420
12.114232, 0.021225
12.276995, 0.023585
12.276995, 0.023964
12.428132, 0.025273
12.457197, 0.026882
10.027375, 0.024330
10.219203, 0.026340
10.440096, 0.030977
10.172699, 0.032463
10.323837, 0.034973
10.376154, 0.036516
10.190138, 0.036626
10.405218, 0.035811
10.248268, 0.036869
10.137821, 0.033031
10.009937, 0.028598
10.114570, 0.021225
10.178513, 0.011394
10.259894, -0.001931
10.288960, -0.022172
10.463348, -0.027812
10.399405, -0.036373
10.265707, -0.040898
10.044814, -0.041730
10.207577, -0.043188
10.091318, -0.044253
12.457197, -0.052577
12.276995, -0.047269
12.143296, -0.038101
12.050289, -0.028491
12.027037, -0.019584
11.904964, -0.012637
11.829397, -0.005649
11.817770, -0.001875
11.835209, -0.000400
11.864274, -0.005268
12.009598, -0.007963
11.957281, -0.007613
11.957282, -0.005611
12.044476, -0.004968
12.003786, -0.005515
12.038664, -0.005187
12.131671, -0.004189
12.224678, -0.004104
